-3.00000e+01 1.637054e-02
-2.50000e+01 1.630066e-02
-2.00000e+01 1.623180e-02
-1.50000e+01 1.616484e-02
0.000000e+00 1.597204e-02
5.000000e+00 1.590953e-02
1.000000e+01 1.584799e-02
1.500000e+01 1.578600e-02
2.000000e+01 1.572628e-02
2.500000e+01 1.566074e-02
3.000000e+01 1.559114e-02
3.500000e+01 1.551224e-02
4.000000e+01 1.542031e-02
4.500000e+01 1.531447e-02
5.000000e+01 1.516971e-02
5.500000e+01 1.498063e-02
-5.00000e+00 1.603524e-02
6.000000e+01 1.473177e-02
6.500000e+01 1.439784e-02
7.000000e+01 1.394093e-02
7.500000e+01 1.333673e-02
8.000000e+01 1.255428e-02
8.500000e+01 1.158232e-02
9.000000e+01 1.042848e-02
9.500000e+01 9.135275e-03
1.000000e+02 7.773724e-03
1.050000e+02 6.426776e-03
-1.00000e+01 1.609949e-02
1.100000e+02 5.172822e-03
1.150000e+02 4.072212e-03
1.200000e+02 3.140750e-03
1.250000e+02 2.390997e-03
