-3.00000e+01 1.779928e-02
-2.50000e+01 1.768746e-02
-2.00000e+01 1.752509e-02
-1.50000e+01 1.730252e-02
0.000000e+00 1.594771e-02
5.000000e+00 1.516869e-02
1.000000e+01 1.418826e-02
1.500000e+01 1.302404e-02
2.000000e+01 1.171352e-02
2.500000e+01 1.031640e-02
3.000000e+01 8.910191e-03
3.500000e+01 7.564122e-03
4.000000e+01 6.329292e-03
4.500000e+01 5.240295e-03
5.000000e+01 4.306945e-03
5.500000e+01 3.522966e-03
-5.00000e+00 1.654452e-02
6.000000e+01 2.877697e-03
6.500000e+01 2.353870e-03
7.000000e+01 1.931368e-03
7.500000e+01 1.593117e-03
8.000000e+01 1.322398e-03
8.500000e+01 1.106947e-03
9.000000e+01 9.349913e-04
9.500000e+01 7.975788e-04
1.000000e+02 6.894497e-04
1.050000e+02 6.026495e-04
-1.00000e+01 1.698499e-02
1.100000e+02 5.349491e-04
1.150000e+02 4.841875e-04
1.200000e+02 4.499185e-04
1.250000e+02 4.364296e-04
