-3.00000e+01 1.685114e-02
-2.50000e+01 1.680298e-02
-2.00000e+01 1.675664e-02
-1.50000e+01 1.671140e-02
0.000000e+00 1.655822e-02
5.000000e+00 1.648873e-02
1.000000e+01 1.640741e-02
1.500000e+01 1.629664e-02
2.000000e+01 1.616039e-02
2.500000e+01 1.598050e-02
3.000000e+01 1.574681e-02
3.500000e+01 1.543956e-02
4.000000e+01 1.504038e-02
4.500000e+01 1.453086e-02
5.000000e+01 1.389461e-02
5.500000e+01 1.312425e-02
-5.00000e+00 1.661547e-02
6.000000e+01 1.222371e-02
6.500000e+01 1.121034e-02
7.000000e+01 1.011209e-02
7.500000e+01 8.971491e-03
8.000000e+01 7.832373e-03
8.500000e+01 6.733628e-03
9.000000e+01 5.709648e-03
9.500000e+01 4.777430e-03
1.000000e+02 3.964742e-03
1.050000e+02 3.257861e-03
-1.00000e+01 1.666441e-02
1.100000e+02 2.662382e-03
1.150000e+02 2.161480e-03
1.200000e+02 1.747856e-03
1.250000e+02 1.408947e-03
